
User Stack 0 (Main Job)
4000   - 00 00 00 00 00 00 00 00  00 00 00 00 00 00 00 00
4010   - 00 00 00 00 00 00 00 00  00 00 00 00 00 00 00 00
4020   - 00 00 00 00 00 00 00 00  00 00 00 00 00 00 00 00
4030   - 00 00 00 00 00 00 00 00  00 00 00 00 00 00 00 00
4040   - 00 00 00 00 00 00 00 00  00 00 00 00 00 00 00 00
4050   - 00 00 00 00 00 00 00 00  00 00 00 00 00 00 00 00
4060   - 00 00 00 00 00 00 00 00  00 00 00 00 00 00 00 00

4070   - 00 00 00 00 00 00 00 00  00 00 00 00 88 08 08 00<--------- corruption at 0x407C

4080   - 00 00 00 00 00 00 00 00  00 00 00 00 00 00 00 00
4090   - 00 00 00 00 00 00 00 00  00 00 00 00 00 00 00 00
40A0   - 00 00 00 00 00 00 00 00  00 00 00 00 00 00 00 00
40B0   - 00 00 00 00 00 00 00 00  00 00 00 00 00 00 00 00
40C0   - 00 00 00 00 00 00 00 00  00 00 00 00 00 00 00 00
40D0   - 00 00 00 00 00 00 44 00  00 82 00 00 00 00 00 00
40E0   - 00 00 00 00 7F 00 00 5D  00 02 4F 00 44 00 44 00
40F0   - 44 00 03 DF 08 44 44 00  48 81 00 00 00 80 09 59

User Stack 1 (SD Card)
4100   - 00 00 00 00 00 00 00 00  00 00 00 00 00 00 00 00
4110   - 00 00 00 00 00 00 00 00  00 00 00 00 00 00 00 00
4120   - 00 00 00 00 00 00 00 00  00 00 00 00 00 00 00 00
4130   - 00 00 00 00 00 00 00 00  00 00 00 00 00 00 00 00
4140   - 00 00 00 00 00 00 00 00  00 00 00 00 00 00 00 00
4150   - 00 00 00 00 00 00 00 00  00 00 00 00 00 00 00 00
4160   - 00 00 00 00 00 00 00 00  00 00 00 00 00 00 00 00
4170   - 00 00 00 00 00 00 00 00  00 00 00 00 00 00 00 00
4180   - 00 00 00 00 00 00 00 00  00 00 00 00 00 00 00 00
4190   - 00 00 00 00 00 00 00 00  00 00 00 00 00 00 00 00
41A0   - 00 00 00 00 00 00 00 00  00 00 00 00 00 00 00 00
41B0   - 00 00 00 00 00 00 00 00  00 00 00 00 00 00 6C 69
41C0   - 0A 80 82 00 00 00 01 00  00 00 A4 83 A8 00 03 20
41D0   - 00 80 00 00 8C 6E D3 2B  00 10 A6 00 00 00 00 00
41E0   - 00 00 00 80 00 00 00 01  00 00 00 FF 4F 00 01 03
41F0   - 20 02 04 05 00 00 46 E0  FF E8 4F 00 0A 4F FF E0

User Stack 2 (RLV12 Emulator)
4200   - 00 00 00 00 00 00 00 00  00 00 00 00 00 00 00 00
4210   - 00 00 00 00 00 00 00 00  00 00 00 00 00 00 00 00
4220   - 00 00 00 00 00 00 00 00  00 00 00 00 00 00 00 00
4230   - 00 00 00 00 00 00 00 00  00 00 00 00 00 00 00 00
4240   - 00 00 00 00 00 00 00 00  00 00 00 00 00 00 00 00
4250   - 00 00 00 00 00 00 00 00  00 00 00 00 00 00 00 00
4260   - 00 00 00 00 00 00 00 00  00 00 00 00 00 00 00 00
4270   - 00 00 00 00 00 00 00 00  00 00 00 00 00 00 00 00
4280   - 00 00 00 00 00 00 00 00  00 00 00 00 00 00 00 00
4290   - 00 00 00 00 00 00 00 00  00 00 00 00 00 00 00 00
42A0   - 00 00 00 00 00 00 00 00  00 00 00 00 00 00 00 00
42B0   - 00 00 00 00 00 00 00 00  00 00 00 00 00 00 00 00
42C0   - 00 00 00 00 00 00 00 00  00 00 00 00 00 00 00 00
42D0   - 00 00 00 00 00 00 00 4E  37 00 00 80 64 00 00 4E
42E0   - 37 00 00 80 64 A3 FE 00  06 00 46 80 4F 00 0B 8D
42F0   - 06 7F 21 00 00 FA 4F F7  42 02 50 80 4F EC 4A 2A

User Stack 3 (Dummy)
4300   - 00 00 00 00 00 00 00 00  00 00 00 00 00 00 00 00
4310   - 00 00 00 00 00 00 00 00  00 00 00 00 00 00 00 00
4320   - 00 00 00 00 00 00 00 00  00 00 00 00 00 00 00 00
4330   - 00 00 00 00 00 00 00 00  00 00 00 00 00 00 00 00
4340   - 00 00 00 00 00 00 00 00  00 00 00 00 00 00 00 00
4350   - 00 00 00 00 00 00 00 00  00 00 00 00 00 00 00 00
4360   - 00 00 00 00 00 00 00 00  00 00 00 00 00 00 00 00
4370   - 00 00 00 00 00 00 00 00  00 00 00 00 00 00 00 00
4380   - 00 00 00 00 00 00 00 00  00 00 00 00 00 00 00 00
4390   - 00 00 00 00 00 00 00 00  00 00 00 00 00 00 00 00
43A0   - 00 00 00 00 00 00 00 00  00 00 00 00 00 00 00 00
43B0   - 00 00 00 00 00 00 00 00  00 00 00 00 00 00 00 00
43C0   - 00 00 00 00 00 DE 4F 00  00 82 04 C8 00 00 00 00
43D0   - 00 00 00 00 A3 00 00 00  00 00 00 00 24 00 00 7F
43E0   - 00 00 00 00 00 4F E0 43  8F 50 00 04 00 03 A0 20
43F0   - 00 04 57 1E 54 02 00 00  00 00 4F DE 50 9F 02 2C

InputBuffer:
4400   - 00 00 00 00 00 00 00 00  00 00 00 00 00 00 00 00
4410   - 00 00 00 00 00 00 00 00  00 00 00 00 00 00 00 00
4420   - 00 00 00 00 00 00 00 00  00 00 00 00 00 00 00 00
4430   - 00 00 00 00 00 00 00 00  00 00 00 00 00 00 00 00
4440   - 00 00 00 00 00 00 00 00  00 00 00 00 00 00 00 00
4450   - 00 00 00 00 00 00 00 00  00 00 00 00 00 00 00 00
4460   - 00 00 00 00 00 00 00 00  00 00 00 00 00 00 00 00
4470   - 00 00 00 00 00 00 00 00  00 00 00 00 00 00 00 00
4480   - D0 03 15 00 00 00 00 00  00 00 00 00 00 00 00 00
4490   - 00 00 00 00 00 00 00 00  00 00 00 00 00 00 00 00
44A0   - 00 00 00 00 00 00 00 00  00 00 00 00 00 00 00 00
44B0   - 00 00 00 00 00 00 00 00  00 00 00 00 00 00 00 00
44C0   - 00 00 00 00 00 00 00 00  00 00 00 00 00 00 00 00
44D0   - 00 00 00 00 00 00 00 00  00 00 00 00 00 00 00 00
44E0   - 00 00 00 00 00 00 00 00  00 00 00 00 00 00 00 00
44F0   - 00 00 00 00 00 00 00 00  00 00 00 00 00 00 00 00

HistoryBuffer:
4500   - 00 00 00 00 00 00 00 00  00 00 00 00 00 00 00 00
4510   - 00 00 00 00 00 00 00 00  00 00 00 00 00 00 00 00
4520   - 00 00 00 00 00 00 00 00  00 00 00 00 00 00 00 00
4530   - 00 00 00 00 00 00 00 00  00 00 00 00 00 00 00 00
4540   - 00 00 00 00 00 00 00 00  00 00 00 00 00 00 00 00
4550   - 00 00 00 00 00 00 00 00  00 00 00 00 00 00 00 00
4560   - 00 00 00 00 00 00 00 00  00 00 00 00 00 00 00 00
4570   - 00 00 00 00 00 00 00 00  00 00 00 00 00 00 00 00
4580   - 00 00 00 00 00 00 00 00  00 00 00 00 00 00 00 00
4590   - 00 00 00 00 00 00 00 00  00 00 00 00 00 00 00 00
45A0   - 00 00 00 00 00 00 00 00  00 00 00 00 00 00 00 00
45B0   - 00 00 00 00 00 00 00 00  00 00 00 00 00 00 00 00
45C0   - 00 00 00 00 00 00 00 00  00 00 00 00 00 00 00 00
45D0   - 00 00 00 00 00 00 00 00  00 00 00 00 00 00 00 00
45E0   - 00 00 00 00 00 00 00 00  00 00 00 00 00 00 00 00
45F0   - 00 00 00 00 00 00 00 00  00 00 00 00 00 00 00 00

sdbuffer:
4600   - EB 3C 90 42 53 44 20 20  34 2E 34 00 02 10 01 00
4610   - 02 00 02 00 00 F8 CA 00  20 00 36 00 0F 82 02 00
4620   - C0 9C 0C 00 80 00 29 05  1C 4D 28 46 49 4C 45 53
4630   - 20 20 20 20 20 20 46 41  54 31 36 20 20 20 FA 31
4640   - C0 8E D0 BC 00 7C FB 8E  D8 E8 00 00 5E 83 C6 19
4650   - BB 07 00 FC AC 84 C0 74  06 B4 0E CD 10 EB F5 30
4660   - E4 CD 16 CD 19 0D 0A 4E  6F 6E 2D 73 79 73 74 65
4670   - 6D 20 64 69 73 6B 0D 0A  50 72 65 73 73 20 61 6E
4680   - 79 20 6B 65 79 20 74 6F  20 72 65 62 6F 6F 74 0D
4690   - 0A 00 00 00 00 00 00 00  00 00 00 00 00 00 00 00
46A0   - 00 00 00 00 00 00 00 00  00 00 00 00 00 00 00 00
46B0   - 00 00 00 00 00 00 00 00  00 00 00 00 00 00 00 00
46C0   - 00 00 00 00 00 00 00 00  00 00 00 00 00 00 00 00
46D0   - 00 00 00 00 00 00 00 00  00 00 00 00 00 00 00 00
46E0   - 00 00 00 00 00 00 00 00  00 00 00 00 00 00 00 00
46F0   - 00 00 00 00 00 00 00 00  00 00 00 00 00 00 00 00
4700   - 00 00 00 00 00 00 00 00  00 00 00 00 00 00 00 00
4710   - 00 00 00 00 00 00 00 00  00 00 00 00 00 00 00 00
4720   - 00 00 00 00 00 00 00 00  00 00 00 00 00 00 00 00
4730   - 00 00 00 00 00 00 00 00  00 00 00 00 00 00 00 00
4740   - 00 00 00 00 00 00 00 00  00 00 00 00 00 00 00 00
4750   - 00 00 00 00 00 00 00 00  00 00 00 00 00 00 00 00
4760   - 00 00 00 00 00 00 00 00  00 00 00 00 00 00 00 00
4770   - 00 00 00 00 00 00 00 00  00 00 00 00 00 00 00 00
4780   - 00 00 00 00 00 00 00 00  00 00 00 00 00 00 00 00
4790   - 00 00 00 00 00 00 00 00  00 00 00 00 00 00 00 00
47A0   - 00 00 00 00 00 00 00 00  00 00 00 00 00 00 00 00
47B0   - 00 00 00 00 00 00 00 00  00 00 00 00 00 00 00 00
47C0   - 00 00 00 00 00 00 00 00  00 00 00 00 00 00 00 00
47D0   - 00 00 00 00 00 00 00 00  00 00 00 00 00 00 00 00
47E0   - 00 00 00 00 00 00 00 00  00 00 00 00 00 00 00 00
47F0   - 00 00 00 00 00 00 00 00  00 00 00 00 00 00 55 AA

tesoutbuf:
4800   - 40 03 00 4F 00 04 B5 15  51 03 00 4F 30 04 B6 15
4810   - 40 03 00 4F 00 04 BB 15  51 03 00 4F 30 04 BB 15
4820   - 40 03 00 4F 00 04 BE 15  51 03 00 4F 20 04 BE 15
4830   - 40 03 00 4F 00 04 C4 15  51 03 00 4F 20 04 C4 15
4840   - 40 03 00 4F 00 04 CA 15  51 03 00 4F 20 04 CA 15
4850   - 40 03 00 4F 00 04 D0 15  51 03 00 4F 31 04 D0 15
4860   - 40 03 00 4F 00 04 D6 15  51 03 00 4F 30 04 D6 15
4870   - 40 03 00 4F 00 04 DB 15  51 03 00 4F 30 04 DB 15
4880   - 40 03 00 4F 00 04 DE 15  51 03 00 4F 30 04 DE 15
4890   - 40 03 00 4F 00 04 E4 15  51 03 00 4F 43 04 E4 15
48A0   - 40 03 00 4F 00 04 EA 15  51 03 00 4F 20 04 EA 15
48B0   - 40 03 00 4F 00 04 F0 15  51 03 00 4F 20 04 F0 15
48C0   - 40 03 00 4F 00 04 F6 15  51 03 00 4F 20 04 F6 15
48D0   - 40 03 00 4F 00 04 F9 15  51 03 00 4F 46 04 F9 15
48E0   - 40 03 00 4F 00 04 FE 15  51 03 00 4F 34 04 FE 15
48F0   - 40 03 00 4F 00 04 04 16  51 03 00 4F 35 04 04 16
4900   - 40 03 00 4F 00 04 0A 16  51 03 00 4F 30 04 0A 16
4910   - 40 03 00 4F 00 04 10 16  51 03 00 4F 34 04 10 16
4920   - 40 03 00 4F 00 04 13 16  51 03 00 4F 20 04 13 16
4930   - 40 03 00 4F 00 04 19 16  51 03 00 4F 20 04 19 16
4940   - 40 03 00 4F 00 04 1E 16  51 03 00 4F 20 04 1E 16
4950   - 40 03 00 4F 00 04 24 16  51 03 00 4F 31 04 24 16
4960   - 40 03 00 4F 00 04 2A 16  51 03 00 4F 30 04 2A 16
4970   - 40 03 00 4F 00 04 30 16  51 03 00 4F 30 04 30 16
4980   - 40 03 00 4F 00 04 33 16  51 03 00 4F 30 04 33 16
4990   - 40 03 00 4F 00 04 39 16  51 03 00 4F 31 04 39 16
49A0   - 40 03 00 4F 00 04 3E 16  51 03 00 4F 20 04 3F 16
49B0   - 40 03 00 4F 00 04 44 16  51 03 00 4F 20 04 44 16
49C0   - 40 03 00 4F 00 04 4A 16  51 03 00 4F 20 04 4A 16
49D0   - 40 03 00 4F 00 04 4D 16  51 03 00 4F 46 04 4D 16
49E0   - 40 03 00 4F 00 04 53 16  51 03 00 4F 34 04 53 16
49F0   - 40 03 00 4F 00 04 59 16  51 03 00 4F 36 04 59 16

LongFileN:
4A00   - 2E 5F 64 69 73 6B 69 6D  61 67 65 73 00 00 00 00
4A10   - 00 00 00 00 00 00 00 00  00 00 00 00 00 00 00 00
4A20   - 00 00 00 00 00 00 00 00  00 00 00 00 00 00 00 00
4A30   - 00 00 00 00 00 00 00 00  00 00 00 00 00 00 00 00
4A40   - 00 00 00 00 00 00 00 00  00 00 00 00 00 00 00 00
4A50   - 00 00 00 00 00 00 00 00  00 00 00 00 00 00 00 00
4A60   - 00 00 00 00 00 00 00 00  00 00 00 00 00 00 00 00
4A70   - 00 00 00 00 00 00 00 00  00 00 00 00 00 00 00 00
4A80   - 00 00 00 00 00 00 00 00  00 00 00 00 00 00 00 00
4A90   - 00 00 00 00 00 00 00 00  00 00 00 00 00 00 00 00
4AA0   - 00 00 00 00 00 00 00 00  00 00 00 00 00 00 00 00
4AB0   - 00 00 00 00 00 00 00 00  00 00 00 00 00 00 00 00
4AC0   - 00 00 00 00 00 00 00 00  00 00 00 00 00 00 00 00
4AD0   - 00 00 00 00 00 00 00 00  00 00 00 00 00 00 00 00
4AE0   - 00 00 00 00 00 00 00 00  00 00 00 00 00 00 00 00
4AF0   - 00 00 00 00 00 00 00 00  00 00 00 00 00 00 00 00

NameBuffer:
4B00   - 52 4C 56 31 32 2E 49 4E  49 00 00 00 00 00 00 00
4B10   - 00 00 00 00 00 00 00 00  00 00 00 00 00 00 00 00
4B20   - 00 00 00 00 00 00 00 00  00 00 00 00 00 00 00 00
4B30   - 00 00 00 00 00 00 00 00  00 00 00 00 00 00 00 00
4B40   - 00 00 00 00 00 00 00 00  00 00 00 00 00 00 00 00
4B50   - 00 00 00 00 00 00 00 00  00 00 00 00 00 00 00 00
4B60   - 00 00 00 00 00 00 00 00  00 00 00 00 00 00 00 00
4B70   - 00 00 00 00 00 00 00 00  00 00 00 00 00 00 00 00
4B80   - 00 00 00 00 00 00 00 00  00 00 00 00 00 00 00 00
4B90   - 00 00 00 00 00 00 00 00  00 00 00 00 00 00 00 00
4BA0   - 00 00 00 00 00 00 00 00  00 00 00 00 00 00 00 00
4BB0   - 00 00 00 00 00 00 00 00  00 00 00 00 00 00 00 00
4BC0   - 00 00 00 00 00 00 00 00  00 00 00 00 00 00 00 00
4BD0   - 00 00 00 00 00 00 00 00  00 00 00 00 00 00 00 00
4BE0   - 00 00 00 00 00 00 00 00  00 00 00 00 00 00 00 00
4BF0   - 00 00 00 00 00 00 00 00  00 00 00 00 00 00 00 00

Path:
4C00   - 00 00 00 00 00 00 00 00  00 00 00 00 00 00 00 00
4C10   - 00 00 00 00 00 00 00 00  00 00 00 00 00 00 00 00
4C20   - 00 00 00 00 00 00 00 00  00 00 00 00 00 00 00 00
4C30   - 00 00 00 00 00 00 00 00  00 00 00 00 00 00 00 00
4C40   - 00 00 00 00 00 00 00 00  00 00 00 00 00 00 00 00
4C50   - 00 00 00 00 00 00 00 00  00 00 00 00 00 00 00 00
4C60   - 00 00 00 00 00 00 00 00  00 00 00 00 00 00 00 00
4C70   - 00 00 00 00 00 00 00 00  B0 C6 01 00 00 00 00 00
4C80   - 00 00 00 00 00 00 00 00  00 00 00 00 00 00 00 00
4C90   - 00 00 00 00 00 00 00 00  00 00 00 00 00 00 00 00
4CA0   - 00 00 00 00 00 00 00 00  00 00 00 00 00 00 00 00
4CB0   - 00 00 00 00 00 00 00 00  00 00 00 00 00 00 00 00
4CC0   - 00 00 00 00 00 00 00 00  00 00 00 00 00 00 00 00
4CD0   - 00 00 00 00 00 00 00 00  00 00 00 00 00 00 00 00
4CE0   - 00 00 00 00 00 00 00 00  00 00 00 00 00 00 00 00
4CF0   - 00 00 00 00 00 00 00 00  00 00 00 00 00 00 00 00

tx1ring:
4D00   - 30 20 20 30 30 20 30 30  20 30 30 20 30 30 20 30
4D10   - 30 20 30 30 20 30 30 20  30 30 0D 0A 34 43 45 30
4D20   - 20 20 20 2D 20 30 30 20  30 30 20 30 30 20 30 30
4D30   - 32 30 20 33 30 20 33 30  20 32 30 20 33 30 20 33
4D40   - 30 0D 0A 34 44 33 30 20  20 20 2D 20 33 32 20 33
4D50   - 30 20 32 30 20 33 33 20  33 30 20 32 30 20 33 33
4D60   - 20 33 30 20 20 32 30 20  33 32 20 33 30 20 32 30
4D70   - 20 33 33 20 33 30 20 32  30 20 33 33 0D 0A 34 44
4D80   - 34 30 20 20 20 2D 20 33  30 20 30 44 20 30 41 20
4D90   - 30 20 33 30 20 34 34 20  32 30 20 33 30 20 34 31
4DA0   - 20 32 30 0D 0A 34 44 39  30 20 20 20 2D 20 33 30
4DB0   - 20 32 30 20 33 33 20 33  30 20 32 30 20 33 34 20
4DC0   - 33 34 20 32 30 20 20 33  32 20 33 30 20 32 30 20
4DD0   - 33 33 20 33 30 20 32 30  20 33 34 20 33 31 0D 0A
4DE0   - 34 44 41 30 20 20 20 2D  20 32 30 20 33 32 20 33
4DF0   - 20 33 32 20 33 30 20 32  30 20 33 33 20 33 32 20

rx1ring:
4E00   - 00 12 00 00 00 00 00 00  00 00 00 00 00 00 00 00
4E10   - 00 00 00 00 00 00 00 00  00 00 00 00 00 00 00 00
4E20   - 00 00 00 00 00 00 00 00  00 00 00 00 00 00 00 00
4E30   - 00 00 00 00 00 00 00 00  00 00 00 00 00 00 00 00
4E40   - 00 00 00 00 00 00 00 00  00 00 00 00 00 00 00 00
4E50   - 00 00 00 00 00 00 00 00  00 00 00 00 00 00 00 00
4E60   - 00 00 00 00 00 00 00 00  00 00 00 00 00 00 00 00
4E70   - 00 00 00 00 00 00 00 00  00 00 00 00 00 00 00 00
4E80   - 00 00 00 00 00 00 00 00  00 00 00 00 00 00 00 00
4E90   - 00 00 00 00 00 00 00 00  00 00 00 00 00 00 00 00
4EA0   - 00 00 00 00 00 00 00 00  00 00 00 00 00 00 00 00
4EB0   - 00 00 00 00 00 00 00 00  00 00 00 00 00 00 00 00
4EC0   - 00 00 00 00 00 00 00 00  00 00 00 00 00 00 00 00
4ED0   - 00 00 00 00 00 00 00 00  00 00 00 00 00 00 00 00
4EE0   - 00 00 00 00 00 00 00 00  00 00 00 00 00 00 00 00
4EF0   - 00 00 00 00 00 00 00 00  00 00 00 00 00 00 00 00
4F00   - 00 00 C0 4F FA FB FF 01  01 00 00 00 00 00 00 00
4F10   - 00 00 00 00 00 00 00 00  00 00 00 00 00 00 00 00
4F20   - 00 00 00 00 00 00 00 00  00 00 00 00 00 00 00 00
4F30   - 00 00 00 00 00 00 00 00  00 00 00 00 00 00 00 00

runjob:, curjob:, hibjob: ioqueue:, 	systicks:, sysuptime:
4F40   - DE 4F DE 4F CA 4F 00 00  	1B 18 00 00 06 00 00 00

tsoutptr:, tesoutent:, 			intlevel:, jobid:, iostat: nguard:
4F50   - 30 48 00 03 00 4F 20 04  	00 03 00 FF 00 00 00 00
4F60   - 00 00 00 00 00 00 00 00  00 00 00 00 00 00 00 00
4F70   - 00 CB 43 DE 4F 07 3C 70  4F F9 04 7F 00 A3 04 F9
nstack:

4F80   - 03 00 01 00 E2 6F 00 00  00 00 00 00 8E 06 00 00
4F90   - 03 00 01 00 C2 6F 00 00  00 00 00 00 00 00 00 00
4FA0   - 03 00 01 00 A2 6F 00 00  00 00 00 00 00 00 00 00
4FB0   - 03 00 01 00 82 6F 00 00  00 00 00 00 00 00 00 00
4FC0   - 00 00 D0 40 02 4F 03 00  00 01 00 00 DA 41 00 00
4FD0   - 09 01 00 02 00 00 DC 42  FA 4F 02 00 00 00 00 00
4FE0   - CB 43 40 4F 01 00 00 03  C0 C0 C0 C0 C0 C0 C0 C0
4FF0   - FF FF FF FF FF FF FF FF  00 00 D4 4F E2 6F 00 00
